# transform file /aramis/home/wen/HAO_lab/Clinica/clinica/examples/data/recon-all_test/sub001/mri/transforms/cc_up.lta
# created by wen on Sat Apr 23 02:08:55 2016

type      = 0
nxforms   = 1
mean      = 123.0000 104.0000 127.0000
sigma     = 10000.0000
1 4 4
9.974737167358398e-01 -5.031844228506088e-02 -5.014345049858093e-02 1.490213775634766e+01 
5.025498196482658e-02 9.987332820892334e-01 -2.526340307667851e-03 4.220040893554688e+01 
5.020705237984657e-02 -0.000000000000000e+00 9.987388849258423e-01 1.096452617645264e+01 
0.000000000000000e+00 0.000000000000000e+00 0.000000000000000e+00 1.000000000000000e+00 
src volume info
valid = 1  # volume info valid
filename = /aramis/home/wen/HAO_lab/Clinica/clinica/examples/data/recon-all_test/sub001/mri/norm.mgz
volume = 256 256 256
voxelsize = 1.000000000000000e+00 1.000000000000000e+00 1.000000000000000e+00
xras   = -1.000000000000000e+00 0.000000000000000e+00 0.000000000000000e+00
yras   = 0.000000000000000e+00 0.000000000000000e+00 -1.000000000000000e+00
zras   = 0.000000000000000e+00 1.000000000000000e+00 0.000000000000000e+00
cras   = -5.853988647460938e+00 2.737302398681641e+01 9.678016662597656e+00
dst volume info
valid = 1  # volume info valid
filename = /aramis/home/wen/HAO_lab/Clinica/clinica/examples/data/recon-all_test/sub001/mri/norm.mgz
volume = 256 256 256
voxelsize = 1.000000000000000e+00 1.000000000000000e+00 1.000000000000000e+00
xras   = -1.000000000000000e+00 0.000000000000000e+00 0.000000000000000e+00
yras   = 0.000000000000000e+00 0.000000000000000e+00 -1.000000000000000e+00
zras   = 0.000000000000000e+00 1.000000000000000e+00 0.000000000000000e+00
cras   = -5.853988647460938e+00 2.737302398681641e+01 9.678016662597656e+00
