# transform file transforms/talairach_with_skull.lta
# created by wen on Fri Apr 22 20:33:09 2016

type      = 0
nxforms   = 1
mean      = 128.0000 130.0000 132.0000
sigma     = 10000.0000
1 4 4
1.033222675323486e+00 -7.321543246507645e-02 -3.366157412528992e-02 8.549098014831543e+00 
7.019380480051041e-02 1.201569437980652e+00 1.523782312870026e-01 -2.738204765319824e+01 
2.482537180185318e-02 -1.690247505903244e-01 9.850317835807800e-01 -2.912431716918945e+00 
0.000000000000000e+00 0.000000000000000e+00 0.000000000000000e+00 1.000000000000000e+00 
src volume info
valid = 1  # volume info valid
filename = nu.mgz
volume = 256 256 256
voxelsize = 1.000000000000000e+00 1.000000000000000e+00 1.000000000000000e+00
xras   = -1.000000000000000e+00 0.000000000000000e+00 0.000000000000000e+00
yras   = 0.000000000000000e+00 0.000000000000000e+00 -1.000000000000000e+00
zras   = 0.000000000000000e+00 1.000000000000000e+00 0.000000000000000e+00
cras   = -5.853988647460938e+00 2.737302398681641e+01 9.678016662597656e+00
dst volume info
valid = 1  # volume info valid
filename = /aramis/dartagnan2/Software/FreeSurfer/freesurfer-5.3.0-15052013-x86_64-centos/average/RB_all_withskull_2008-03-26.gca
volume = 256 256 256
voxelsize = 1.000000000000000e+00 1.000000000000000e+00 1.000000000000000e+00
xras   = -1.000000000000000e+00 0.000000000000000e+00 0.000000000000000e+00
yras   = 0.000000000000000e+00 0.000000000000000e+00 -1.000000000000000e+00
zras   = 0.000000000000000e+00 1.000000000000000e+00 0.000000000000000e+00
cras   = 0.000000000000000e+00 0.000000000000000e+00 0.000000000000000e+00
