# transform file transforms/talairach.lta
# created by wen on Fri Apr 22 20:54:35 2016

type      = 0
nxforms   = 1
mean      = 125.0000 104.0000 128.0000
sigma     = 10000.0000
1 4 4
1.014460802078247e+00 -3.810965269804001e-02 -1.859266310930252e-02 4.615728378295898e+00 
4.747796431183815e-02 1.111243605613708e+00 1.106583178043365e-01 -1.076821804046631e+01 
1.422447804361582e-02 -9.947383403778076e-02 1.017495751380920e+00 -1.267355060577393e+01 
0.000000000000000e+00 0.000000000000000e+00 0.000000000000000e+00 1.000000000000000e+00 
src volume info
valid = 1  # volume info valid
filename = nu.mgz
volume = 256 256 256
voxelsize = 1.000000000000000e+00 1.000000000000000e+00 1.000000000000000e+00
xras   = -1.000000000000000e+00 0.000000000000000e+00 0.000000000000000e+00
yras   = 0.000000000000000e+00 0.000000000000000e+00 -1.000000000000000e+00
zras   = 0.000000000000000e+00 1.000000000000000e+00 0.000000000000000e+00
cras   = -5.853988647460938e+00 2.737302398681641e+01 9.678016662597656e+00
dst volume info
valid = 1  # volume info valid
filename = /aramis/dartagnan2/Software/FreeSurfer/freesurfer-5.3.0-15052013-x86_64-centos/average/RB_all_2008-03-26.gca
volume = 256 256 256
voxelsize = 1.000000000000000e+00 1.000000000000000e+00 1.000000000000000e+00
xras   = -1.000000000000000e+00 0.000000000000000e+00 0.000000000000000e+00
yras   = 0.000000000000000e+00 0.000000000000000e+00 -1.000000000000000e+00
zras   = 0.000000000000000e+00 1.000000000000000e+00 0.000000000000000e+00
cras   = 0.000000000000000e+00 0.000000000000000e+00 0.000000000000000e+00
