# transform file transforms/talairach_with_skull_2.lta
# created by wen on Sat Apr 23 01:46:04 2016

type      = 0
nxforms   = 1
mean      = 125.0000 104.0000 128.0000
sigma     = 10000.0000
1 4 4
1.050226688385010e+00 1.151575241237879e-02 -2.330904081463814e-02 -4.220158576965332e+00 
9.055371396243572e-03 1.227201581001282e+00 1.160330548882484e-01 -1.875934410095215e+01 
2.103267051279545e-02 -8.708770573139191e-02 9.792704582214355e-01 -9.135202407836914e+00 
0.000000000000000e+00 0.000000000000000e+00 0.000000000000000e+00 1.000000000000000e+00 
src volume info
valid = 1  # volume info valid
filename = nu_noneck.mgz
volume = 256 256 256
voxelsize = 1.000000000000000e+00 1.000000000000000e+00 1.000000000000000e+00
xras   = -1.000000000000000e+00 0.000000000000000e+00 0.000000000000000e+00
yras   = 0.000000000000000e+00 0.000000000000000e+00 -1.000000000000000e+00
zras   = 0.000000000000000e+00 1.000000000000000e+00 0.000000000000000e+00
cras   = -5.853988647460938e+00 2.737302398681641e+01 9.678016662597656e+00
dst volume info
valid = 1  # volume info valid
filename = /aramis/dartagnan2/Software/FreeSurfer/freesurfer-5.3.0-15052013-x86_64-centos/average/RB_all_withskull_2008-03-26.gca
volume = 256 256 256
voxelsize = 1.000000000000000e+00 1.000000000000000e+00 1.000000000000000e+00
xras   = -1.000000000000000e+00 0.000000000000000e+00 0.000000000000000e+00
yras   = 0.000000000000000e+00 0.000000000000000e+00 -1.000000000000000e+00
zras   = 0.000000000000000e+00 1.000000000000000e+00 0.000000000000000e+00
cras   = 0.000000000000000e+00 0.000000000000000e+00 0.000000000000000e+00
fscale 0.150000
